1 7.44047197446077213
2 0.862825323476621442
3 0.0787344782021737188
4 0.0205792798608706029
5 0.00777716400083550141
6 0.00359595267095791371
7 0.00189297097457186148
8 0.00109158755212712677
9 0.000673613048455701247
10 0.000438064981162833433
11 0.000297037016814938326
12 0.00020838239375198242
13 0.000150368775930775911
14 0.000111106521447190687
15 8.37626251648515563e-05
16 6.42432461628317242e-05
17 5.00065516977343805e-05
18 3.94247285955273696e-05
19 3.14266575571764406e-05
20 2.52904393562847218e-05
21 2.05190477209349353e-05
22 1.67636759778044819e-05
23 1.3775280616412644e-05
24 1.13732485251816229e-05
25 9.42471782172660255e-06
26 7.83067357112976481e-06
27 6.51643867244366959e-06
28 5.42506844647405728e-06
29 4.51269603174431211e-06
30 3.74520870272121442e-06
31 3.09584529500916972e-06
32 2.54343952255098316e-06
33 2.0711218720048663e-06
34 1.66535079015872611e-06
35 1.31518289636645136e-06
36 1.01171843747138723e-06
37 7.47676448087375434e-07
38 5.17066740091109978e-07
39 3.14934847756020986e-07
40 1.371622797563532e-07
41 1.96908938043804937e-08
42 1.58510875536421736e-07
43 2.81729735318592134e-07
44 3.9140525864844733e-07
45 4.89285384874804663e-07
46 5.76860393231015678e-07
47 6.55405412830489809e-07
48 7.26015209062680356e-07
49 7.89632771169834768e-07
50 8.47072878285004549e-07
51 8.99041661117649937e-07
52 9.46152825864743363e-07
53 9.88941252000330451e-07
54 1.02787433209350354e-06
55 1.06336154992447973e-06
56 1.095762528713351e-06
57 1.1253938523303475e-06
58 1.15253484933575123e-06
59 1.17743252925350816e-06
60 1.20030578498742102e-06
61 1.22134898261627711e-06
62 1.24073506357902374e-06
63 1.25861818922601287e-06
64 1.27513606296147941e-06
65 1.29041186691658538e-06
66 1.30455603897239314e-06
67 1.31766768474150808e-06
68 1.32983596512481483e-06
69 1.34114118521821979e-06
70 1.35165575088080914e-06
71 1.36144513152025581e-06
72 1.37056850357808457e-06
73 1.37907952812987844e-06
74 1.38702686536262831e-06
75 1.39445473057442371e-06
76 1.40140335069816047e-06
77 1.40790934799461809e-06
78 1.414006140620927e-06
79 1.41972422684766286e-06
80 1.4250914834867956e-06
81 1.43013343922859804e-06
82 1.43487344961279462e-06
83 1.43933298168974488e-06
84 1.44353170483668691e-06
85 1.4474877114700746e-06
86 1.45121765027234062e-06
87 1.45473684787233992e-06
88 1.458059428971481e-06
89 1.46119843980052622e-06
90 1.46416590052211859e-06
91 1.46697295644315773e-06
92 1.46962988911703007e-06
93 1.47214624535152439e-06
94 1.47453084853310656e-06
95 1.47679188433613717e-06
96 1.47893696977874356e-06
97 1.48097316654549616e-06
98 1.48290703205766761e-06
99 1.4847446792032315e-06
100 1.48649180675697323e-06
101 1.48815370093480226e-06
102 1.48973530622598105e-06
103 1.49124124004806902e-06
104 1.49267579452327936e-06
105 1.4940429915455411e-06
106 1.49534660076611203e-06
107 1.4965901311558838e-06
108 1.49777688451813162e-06
109 1.49890993306200926e-06
110 1.49999217025076348e-06
111 1.50102630147586069e-06
112 1.50201487048029492e-06
113 1.50296028977869867e-06
114 1.50386476960306936e-06
115 1.50473042359600129e-06
116 1.50555924438577904e-06
117 1.50635309204005807e-06
118 1.50711373181344754e-06
119 1.50784279484561523e-06
120 1.50854186742321872e-06
121 1.50921238639689648e-06
122 1.50985578573070711e-06
123 1.51047333041276488e-06
124 1.51106625922992066e-06
125 1.51163576989077342e-06
126 1.51218293820143401e-06
127 1.51270881776355282e-06
128 1.51321439290086346e-06
129 1.513700594868439e-06
130 1.51416830851403006e-06
131 1.51461837583077852e-06
132 1.51505158485498725e-06
133 1.51546868920604538e-06
134 1.51587039964873327e-06
135 1.51625739830407724e-06
136 1.5166303297675654e-06
137 1.51698978378966842e-06
138 1.51733635478379369e-06
139 1.51767060208030102e-06
140 1.51799303660382634e-06
141 1.51830416439402427e-06
142 1.51860443264872913e-06
143 1.51889432009610914e-06
144 1.519174246178423e-06
145 1.5194446156829855e-06
146 1.5197058242932826e-06
147 1.51995824437811677e-06
148 1.52020221189097526e-06
149 1.52043805945467625e-06
150 1.52066614655943511e-06
151 1.52088674743033891e-06
152 1.52110016560236261e-06
153 1.52130667174787959e-06
154 1.52150654786353812e-06
155 1.52170002176710284e-06
156 1.52188736546321479e-06
157 1.52206879455718536e-06
158 1.52224453664473458e-06
159 1.52241479778325584e-06
160 1.52257980134962168e-06
161 1.52273972831018511e-06
162 1.52289474275590919e-06
163 1.52304507761158447e-06
164 1.52319084412155803e-06
165 1.5233322381291714e-06
166 1.52346942594583368e-06
167 1.52360251393091062e-06
168 1.52373171036224164e-06
169 1.52385710405766872e-06
170 1.5239788280219102e-06
171 1.52409703546574349e-06
172 1.52421182963990987e-06
173 1.5243233488781982e-06
174 1.52443168155436126e-06
175 1.52453694601817347e-06
176 1.52463924707468834e-06
177 1.52473866865676655e-06
178 1.52483534554548328e-06
179 1.52492934302195238e-06
180 1.52502072858773374e-06
181 1.52510962347918166e-06
182 1.52519609386558841e-06
183 1.52528023211750963e-06
184 1.52536209041542747e-06
185 1.52544174492064144e-06
186 1.52551929843980361e-06
187 1.52559476318536724e-06
188 1.52566825328825928e-06
189 1.52573982092896188e-06
190 1.52580952250680468e-06
191 1.52587740664955618e-06
192 1.52594354774215901e-06
193 1.52600797131974275e-06
194 1.52607075198929465e-06
195 1.52613193704631556e-06
196 1.52619158422240275e-06
197 1.52624969751435913e-06
198 1.52630638661221951e-06
199 1.52636166039776811e-06
200 1.52641555217769564e-06
201 1.52646811213408284e-06
202 1.52651936202730099e-06
203 1.52656937757456035e-06
204 1.5266181889739272e-06
205 1.52666580666149798e-06
206 1.52671226505418645e-06
207 1.5267576365385338e-06
208 1.52680190712572994e-06
209 1.52684512721990018e-06
210 1.52688732968364604e-06
211 1.52692853760960645e-06
212 1.52696878208402609e-06
213 1.52700808353500861e-06
214 1.52704647393697712e-06
215 1.52708398215573027e-06
216 1.52712061285420475e-06
217 1.5271564397512094e-06
218 1.52719141754964483e-06
219 1.52722561197471407e-06
220 1.52725902391459556e-06
221 1.52729171110088657e-06
222 1.52732365199526043e-06
223 1.52735489233890576e-06
224 1.52738543457431319e-06
225 1.52741528425259787e-06
226 1.52744448200792249e-06
227 1.52747305803835332e-06
228 1.52750099324805433e-06
229 1.52752836046765594e-06
230 1.52755508375790328e-06
231 1.52758125904206565e-06
232 1.52760687033293152e-06
233 1.52763193872473835e-06
234 1.5276564855337682e-06
235 1.52768049033191744e-06
236 1.52770401351531859e-06
237 1.52772704375969681e-06
238 1.52774956907464343e-06
239 1.52777163298090102e-06
240 1.52779323858709404e-06
241 1.52781441609128876e-06
242 1.52783516194077151e-06
243 1.52785545526334943e-06
244 1.52787535045995071e-06
245 1.52789484153537103e-06
246 1.52791393737139458e-06
247 1.5279326619488387e-06
248 1.52795099839231341e-06
249 1.52796897401330511e-06
250 1.52798655950192597e-06
251 1.52800383634854597e-06
252 1.52802076480718085e-06
253 1.52803737107909399e-06
254 1.52805362052532701e-06
255 1.52806957376405705e-06
256 1.52808521480807258e-06
257 1.52810055520369303e-06
258 1.52811559739340908e-06
259 1.52813033427179334e-06
260 1.52814482090590786e-06
261 1.5281590062254935e-06
262 1.52817295884233317e-06
263 1.52818662635390012e-06
264 1.52819999987841015e-06
265 1.52821317200846352e-06
266 1.52822608079361544e-06
267 1.52823874999263865e-06
268 1.52825119537070009e-06
269 1.52826339561151769e-06
270 1.52827534849464541e-06
271 1.52828713684272088e-06
272 1.52829866806314385e-06
273 1.52830999988751159e-06
274 1.5283211272087982e-06
275 1.52833207200941956e-06
276 1.52834278499547338e-06
277 1.52835333944167928e-06
278 1.5283636873864026e-06
279 1.52837384970183621e-06
280 1.52838383815634415e-06
281 1.52839363076751056e-06
282 1.52840324352254697e-06
283 1.52841272771375714e-06
284 1.52842202627567758e-06
285 1.52843114875622632e-06
286 1.5284401424509042e-06
287 1.52844894518722185e-06
288 1.52845761824949022e-06
289 1.52846615697477262e-06
290 1.52847454382154524e-06
291 1.5284827608041951e-06
292 1.52849086587636407e-06
293 1.52849878976013542e-06
294 1.52850660950498707e-06
295 1.52851430890166284e-06
296 1.52852187063068357e-06
297 1.52852928492208662e-06
298 1.52853660906338007e-06
299 1.5285437970913307e-06
300 1.52855086277270402e-06
301 1.52855779411709136e-06
302 1.52856466328898932e-06
303 1.52857138657758185e-06
304 1.52857796731353801e-06
305 1.52858448831949545e-06
306 1.5285908883111432e-06
307 1.52859716617825825e-06
308 1.52860336100069105e-06
309 1.52860947322253082e-06
310 1.52861548596838759e-06
311 1.52862135083253747e-06
312 1.52862719127178082e-06
313 1.52863289226701227e-06
314 1.52863851621276581e-06
315 1.52864404556751765e-06
316 1.52864947833286635e-06
317 1.52865485780750987e-06
318 1.52866015357133733e-06
319 1.5286653458623789e-06
320 1.52867044778126626e-06
321 1.52867549951807291e-06
322 1.52868042291309791e-06
323 1.52868532143912716e-06
324 1.52869012803868998e-06
325 1.52869485781081949e-06
326 1.52869950365008833e-06
327 1.52870413017147655e-06
328 1.52870864877918677e-06
329 1.52871310010738171e-06
330 1.52871748593241819e-06
331 1.52872180381180556e-06
332 1.52872602421361137e-06
333 1.52873022907229483e-06
334 1.52873435688150039e-06
335 1.52873844716516771e-06
336 1.52874243042333546e-06
337 1.5287463770441434e-06
338 1.52875024839183027e-06
339 1.52875410108777032e-06
340 1.52875787029493893e-06
341 1.52876159420500812e-06
342 1.52876528058953909e-06
343 1.52876885817221364e-06
344 1.5287724586254825e-06
345 1.52877594561395824e-06
346 1.52877940595708139e-06
347 1.52878281745039146e-06
348 1.52878617609708556e-06
349 1.52878948633805578e-06
350 1.52879275061579278e-06
351 1.52879595449739725e-06
352 1.52879916437420604e-06
353 1.52880227632934407e-06
354 1.52880536119504029e-06
355 1.52880842008151774e-06
356 1.52881140391691872e-06
357 1.52881435444562896e-06
358 1.52881727633058517e-06
359 1.52882015003186211e-06
360 1.52882300508139224e-06
361 1.52882576176516238e-06
362 1.52882856307989812e-06
363 1.52883124360236877e-06
364 1.5288339410002294e-06
365 1.52883657622560065e-06
366 1.52883920567781217e-06
367 1.5288417991587977e-06
368 1.5288443193650636e-06
369 1.52884684490040001e-06
370 1.52884927606677934e-06
371 1.52885173565486809e-06
372 1.52885414395065311e-06
373 1.52885653825762802e-06
374 1.52885888571319128e-06
375 1.52886119053619041e-06
376 1.52886345472502683e-06
377 1.52886572712951363e-06
378 1.52886795046214274e-06
379 1.5288701171733976e-06
380 1.52887230453480072e-06
381 1.52887439308635464e-06
382 1.52887652160593746e-06
383 1.52887859994343955e-06
384 1.52888063653655593e-06
385 1.52888267979101045e-06
386 1.52888468751832818e-06
387 1.5288866317408889e-06
388 1.52888860505129287e-06
389 1.52889053262050822e-06
390 1.52889242710507745e-06
391 1.52889430871105958e-06
392 1.52889613236339983e-06
393 1.52889800286715172e-06
394 1.52889981253068186e-06
395 1.5289015726782651e-06
396 1.52890335614053186e-06
397 1.5289050669942128e-06
398 1.52890676496930666e-06
399 1.52890845828146382e-06
400 1.52891015270384401e-06
401 1.52891180071890176e-06
402 1.52891343985217532e-06
403 1.52891504789920418e-06
404 1.5289166399590215e-06
405 1.52891822047251935e-06
406 1.52891979388058985e-06
407 1.52892130889092925e-06
408 1.52892283966643561e-06
409 1.52892429317041945e-06
410 1.52892577176544364e-06
411 1.52892722926623037e-06
412 1.52892872251619849e-06
413 1.52893014648824987e-06
414 1.52893151161848095e-06
415 1.52893292715283735e-06
416 1.52893429961054039e-06
417 1.52893565785738872e-06
418 1.52893702187739677e-06
419 1.52893830618339166e-06
420 1.52893963534239674e-06
421 1.52894096094868814e-06
422 1.52894223548472041e-06
423 1.52894348048882023e-06
424 1.52894470506481639e-06
425 1.5289459587286558e-06
426 1.52894718352669656e-06
427 1.52894841565220929e-06
428 1.52894956206850452e-06
429 1.52895074201353509e-06
430 1.52895193128443907e-06
431 1.52895305638445222e-06
432 1.52895424609944541e-06
433 1.52895534033525848e-06
434 1.52895642790973341e-06
435 1.5289575323595983e-06
436 1.52895864413693516e-06
437 1.52895969041111357e-06
438 1.52896077865172231e-06
439 1.52896185490192238e-06
440 1.52896289362658422e-06
441 1.52896389504775243e-06
442 1.52896490535070484e-06
443 1.52896591920637093e-06
444 1.52896693217385859e-06
445 1.52896791494327999e-06
446 1.52896886151943079e-06
447 1.52896981453487513e-06
448 1.52897076821645328e-06
449 1.52897170635490909e-06
450 1.52897262717388571e-06
451 1.52897352623249105e-06
452 1.52897445504507346e-06
453 1.5289753856340127e-06
454 1.52897626848336188e-06
455 1.52897711935828795e-06
456 1.52897801797280408e-06
457 1.5289788437566898e-06
458 1.52897967420351222e-06
459 1.52898056726691323e-06
460 1.52898140082236011e-06
461 1.52898219241137667e-06
462 1.52898300753712135e-06
463 1.52898381111654658e-06
464 1.52898460403783076e-06
465 1.52898539562684732e-06
466 1.52898620120467399e-06
467 1.52898691996306013e-06
468 1.5289877028923371e-06
469 1.52898846450533199e-06
470 1.528989204135911e-06
471 1.52898992356043095e-06
472 1.52899064764788761e-06
473 1.52899142458196025e-06
474 1.52899208849532897e-06
475 1.52899280125851078e-06
476 1.52899352001689692e-06
477 1.52899418859320235e-06
478 1.52899489935798272e-06
479 1.52899558303332128e-06
480 1.52899628114155917e-06
481 1.52899688909968745e-06
482 1.52899757255298141e-06
483 1.5289982526756063e-06
484 1.52899887595481232e-06
485 1.5289995063394457e-06
486 1.52900013872248053e-06
487 1.52900077021733694e-06
488 1.5290013590796292e-06
489 1.52900199767991296e-06
490 1.52900263028499239e-06
491 1.52900321048754506e-06
492 1.52900376848563724e-06
493 1.52900438354919288e-06
494 1.52900497085717291e-06
495 1.52900556660284792e-06
496 1.52900608929584791e-06
497 1.52900667371724808e-06
498 1.52900723904281222e-06
499 1.52900779015752164e-06
500 1.52900833483293752e-06
501 1.52900885352913463e-06
502 1.52900944394573912e-06
503 1.52900995042948296e-06
504 1.5290104977694341e-06
505 1.52901099692570597e-06
506 1.52901151850848294e-06
507 1.52901202365995914e-06
508 1.52901255545678794e-06
509 1.52901300221053305e-06
510 1.52901351957446252e-06
511 1.52901398564608826e-06
512 1.52901450256592852e-06
513 1.52901501482283209e-06
514 1.52901545535932826e-06
515 1.52901596095489367e-06
516 1.5290163724035466e-06
517 1.52901686689688177e-06
518 1.52901731964583121e-06
519 1.52901780436920376e-06
520 1.52901825423157334e-06
521 1.52901867722654572e-06
522 1.52901914418634988e-06
523 1.52901954963979847e-06
524 1.52901998529131333e-06
525 1.52902040961855334e-06
526 1.52902081040906523e-06
527 1.52902129069154569e-06
528 1.52902170968971518e-06
529 1.52902211780769903e-06
530 1.52902247085862086e-06
531 1.52902290162515442e-06
532 1.52902330685655841e-06
533 1.52902367700491482e-06
534 1.52902412842159663e-06
535 1.52902445726965652e-06
536 1.52902484162886765e-06
537 1.52902529060305881e-06
538 1.52902560368595175e-06
539 1.5290260160227831e-06
540 1.52902641969987485e-06
541 1.52902675054633619e-06
542 1.52902708649982344e-06
543 1.52902745220728775e-06
544 1.52902780925501247e-06
545 1.52902816186184509e-06
546 1.52902854666514543e-06
547 1.52902892835982129e-06
548 1.52902924099862503e-06
549 1.52902958916456555e-06
550 1.52902988936887141e-06
551 1.52903030148365815e-06
552 1.52903063010967344e-06
553 1.52903096006795636e-06
554 1.5290312596061284e-06
555 1.52903161487749628e-06
556 1.52903190486775031e-06
557 1.52903219419187053e-06
558 1.52903254080349882e-06
559 1.52903284678096441e-06
560 1.52903313099805871e-06
561 1.52903347205857187e-06
562 1.52903374850410501e-06
563 1.52903411443361392e-06
564 1.52903437622420313e-06
565 1.5290347086249767e-06
566 1.52903496908329828e-06
567 1.52903526062786455e-06
568 1.52903552153027533e-06
569 1.52903581152052936e-06
570 1.52903615702193463e-06
571 1.52903637173906759e-06
572 1.52903664973891296e-06
573 1.52903693018124898e-06
574 1.52903723593666996e-06
575 1.5290375352527974e-06
576 1.52903777728141677e-06
577 1.52903807748572262e-06
578 1.52903831240891463e-06
579 1.52903853578578719e-06
580 1.52903883132715634e-06
581 1.52903908667845201e-06
582 1.52903934358405991e-06
583 1.52903963490658157e-06
584 1.52903981853746984e-06
585 1.52904009875776126e-06
586 1.52904034678158496e-06
587 1.52904059014247196e-06
588 1.52904083261518053e-06
589 1.5290411106150259e-06
590 1.52904135020115461e-06
591 1.52904151740074212e-06
592 1.52904176031753991e-06
593 1.52904198791325996e-06
594 1.52904229122619029e-06
595 1.52904248396090736e-06
596 1.5290427113345828e-06
597 1.52904295425138059e-06
598 1.52904312877844006e-06
599 1.52904341610415884e-06
600 1.52904363659445153e-06
601 1.52904382044738441e-06
602 1.52904403627474039e-06
603 1.52904424677302586e-06
604 1.5290444290716465e-06
605 1.52904463512903988e-06
606 1.52904489181260317e-06
607 1.52904505679174463e-06
608 1.52904533234909934e-06
609 1.5290455017691329e-06
610 1.52904570094314352e-06
611 1.5290458985628419e-06
612 1.52904609973525396e-06
613 1.52904630312811207e-06
614 1.5290465298356537e-06
615 1.52904666284037205e-06
616 1.5290468815543079e-06
617 1.52904710892798334e-06
618 1.52904722905411461e-06
619 1.52904745309712098e-06
620 1.52904761030470127e-06
621 1.52904782968477093e-06
622 1.52904800887476711e-06
623 1.52904819938903813e-06
624 1.52904833572442556e-06
625 1.52904855488245062e-06
626 1.5290487389574281e-06
627 1.52904894279437542e-06
628 1.52904905426076709e-06
629 1.52904922101626539e-06
630 1.52904942285481127e-06
631 1.52904956318700158e-06
632 1.52904977079870719e-06
633 1.52904997752223437e-06
634 1.52905013406368084e-06
635 1.5290502672904438e-06
636 1.52905040429196504e-06
637 1.52905056438612519e-06
638 1.52905072092757166e-06
639 1.52905094963351473e-06
640 1.52905107997369782e-06
641 1.52905123806945653e-06
642 1.52905135064607123e-06
643 1.52905155204052789e-06
644 1.52905173989026366e-06
645 1.52905185912821651e-06
646 1.52905196815211752e-06
647 1.52905218642196417e-06
648 1.52905230832445227e-06
649 1.52905241623813026e-06
650 1.52905259609426025e-06
651 1.52905279038328956e-06
652 1.5290529273848108e-06
653 1.52905307815309754e-06
654 1.52905314632079126e-06
655 1.52905335748521054e-06
656 1.52905346273435327e-06
657 1.52905364547706313e-06
658 1.52905370343070501e-06
659 1.52905384331880612e-06
660 1.52905401695768717e-06
661 1.52905414863013789e-06
662 1.52905428763006057e-06
663 1.52905441641593143e-06
664 1.5290545505308728e-06
665 1.52905468375763576e-06
666 1.52905481565213108e-06
667 1.52905490491406226e-06
668 1.52905507011524833e-06
669 1.52905522976531927e-06
670 1.52905532946334688e-06
671 1.52905541472847517e-06
672 1.52905557593285835e-06
673 1.5290556953928558e-06
674 1.52905582240236981e-06
675 1.52905590367069522e-06
676 1.52905610772968714e-06
677 1.52905618011622835e-06
678 1.52905627337496242e-06
679 1.52905641614964338e-06
680 1.52905657668789274e-06
681 1.52905668904246284e-06
682 1.52905681294335238e-06
683 1.52905685313342588e-06
684 1.5290570030135342e-06
685 1.52905715600226699e-06
686 1.52905727057728313e-06
687 1.5290573771586935e-06
688 1.52905745420817141e-06
689 1.5290575305915155e-06
690 1.52905763539656903e-06
691 1.52905777062173343e-06
692 1.52905788874946325e-06
693 1.52905795580693393e-06
694 1.52905810146819476e-06
695 1.52905819650328567e-06
696 1.52905827088822832e-06
697 1.52905837724759408e-06
698 1.52905852091045347e-06
699 1.52905862393915015e-06
700 1.52905871697583962e-06
701 1.5290587838112657e-06
702 1.5290589687744216e-06
703 1.52905905803635278e-06
704 1.52905908179512551e-06
705 1.52905921635415609e-06
706 1.52905935091318668e-06
707 1.52905941841474657e-06
708 1.52905954853288506e-06
709 1.5290595640760074e-06
710 1.52905970218775167e-06
711 1.52905978323403247e-06
712 1.52905985340012762e-06
713 1.52905998107577545e-06
714 1.5290600643425023e-06
715 1.52906012074183195e-06
716 1.52906020689513866e-06
717 1.52906030170818497e-06
718 1.52906047246048615e-06
719 1.5290604746809322e-06
720 1.52906061146040884e-06
721 1.52906074224468114e-06
722 1.52906078754178054e-06
723 1.52906086570148148e-06
724 1.52906095496341266e-06
725 1.52906104111671937e-06
726 1.52906112593775845e-06
727 1.52906121164697595e-06
728 1.52906133243924103e-06
729 1.52906141837050313e-06
730 1.52906146100306728e-06
731 1.52906158690235827e-06
732 1.52906162176336125e-06
733 1.5290616963703485e-06
734 1.52906175010514289e-06
735 1.52906190775681239e-06
736 1.52906189532231451e-06
737 1.52906197947721978e-06
738 1.52906205852509913e-06
739 1.52906217998349803e-06
740 1.52906230121985232e-06
741 1.52906236849936761e-06
742 1.52906244221817644e-06
743 1.52906243844341816e-06
744 1.52906256456475376e-06
745 1.5290626387276518e-06
746 1.52906266159824611e-06
747 1.52906278017006514e-06
748 1.52906285766363226e-06
749 1.52906288164444959e-06
750 1.52906300443511611e-06
751 1.52906302886002265e-06
752 1.52906313677370065e-06
753 1.5290632069397958e-06
754 1.52906323269696998e-06
755 1.52906334860425375e-06
756 1.52906337524960634e-06
757 1.52906348294123973e-06
758 1.5290635628772975e-06
759 1.52906363015681279e-06
760 1.52906369099703454e-06
761 1.52906375738837141e-06
762 1.52906386219342494e-06
763 1.52906384442985654e-06
764 1.52906400074925841e-06
765 1.52906401651442536e-06
766 1.52906409067732341e-06
767 1.52906414774278687e-06
768 1.52906425388010803e-06
769 1.52906423211973674e-06
770 1.5290643340382104e-06
771 1.5290643970988782e-06
772 1.52906447148382085e-06
773 1.52906452655088287e-06
774 1.52906463068980258e-06
775 1.5290646946386488e-06
776 1.5290647532584245e-06
777 1.52906472306035823e-06
778 1.52906478834147208e-06
779 1.52906490069604217e-06
780 1.52906494754745381e-06
781 1.52906501371674608e-06
782 1.52906507921990453e-06
783 1.5290651227406471e-06
784 1.52906522843387904e-06
785 1.52906524530926902e-06
786 1.52906530148655406e-06
787 1.529065397631868e-06
788 1.52906542072450691e-06
789 1.52906546579956171e-06
790 1.5290655286381849e-06
791 1.52906557615573035e-06
792 1.52906562922439093e-06
793 1.52906572536970486e-06
794 1.52906569361732636e-06
795 1.52906575112687904e-06
796 1.52906585015877283e-06
797 1.529065947858399e-06
798 1.52906599470981064e-06
799 1.52906601225133443e-06
800 1.5290660111411114e-06
801 1.52906615769055065e-06
802 1.52906615458192618e-06
803 1.5290661690148255e-06
804 1.52906626849080851e-06
805 1.52906631001314963e-06
806 1.52906635664251667e-06
807 1.52906646322392703e-06
808 1.5290664572287227e-06
809 1.52906646877504215e-06
810 1.52906652295392576e-06
811 1.5290666151024368e-06
812 1.52906666661678514e-06
813 1.52906671457841981e-06
814 1.52906675809916237e-06
815 1.52906684425246908e-06
816 1.5290668000655927e-06
817 1.52906685002562881e-06
818 1.52906699302235438e-06
819 1.52906698525079321e-06
820 1.52906703276833866e-06
821 1.52906709094402515e-06
822 1.5290671788736887e-06
823 1.52906717953982252e-06
824 1.52906722727941258e-06
825 1.52906726547108462e-06
826 1.52906730166435523e-06
827 1.52906735029212371e-06
828 1.52906744443903619e-06
829 1.52906738248859142e-06
830 1.52906747952208377e-06
831 1.52906752437509397e-06
832 1.52906752526327239e-06
833 1.52906766204274902e-06
834 1.52906769557148436e-06
835 1.52906769579352897e-06
836 1.52906773243088878e-06
837 1.52906777439731911e-06
838 1.52906786543560713e-06
839 1.52906781591966023e-06
840 1.52906794737006635e-06
841 1.52906789296913814e-06
842 1.52906798889240747e-06
843 1.52906806882846524e-06
844 1.52906801109686796e-06
845 1.52906815009679065e-06
846 1.52906808592589982e-06
847 1.52906813122299923e-06
848 1.52906826911269889e-06
849 1.52906826711429744e-06
850 1.52906829153920398e-06
851 1.52906833372767892e-06
852 1.52906837902477832e-06
853 1.52906840722444315e-06
854 1.52906839567812369e-06
855 1.52906848516209948e-06
856 1.5290685220215039e-06
857 1.52906850514611392e-06
858 1.52906864236967976e-06
859 1.52906863148949412e-06
860 1.5290686214974869e-06
861 1.52906870187763388e-06
862 1.5290687880309406e-06
863 1.52906872763480806e-06
864 1.52906882644465725e-06
865 1.52906885042547458e-06
866 1.52906882999737093e-06
867 1.52906887596060415e-06
868 1.52906894190785181e-06
869 1.52906897521454255e-06
870 1.52906902473048945e-06
871 1.52906910666494866e-06
872 1.52906910000361052e-06
873 1.52906911843331272e-06
874 1.52906915706907398e-06
875 1.52906913464256888e-06
876 1.52906927275431315e-06
877 1.52906925787732462e-06
878 1.5290692434444253e-06
879 1.52906932715524135e-06
880 1.52906936157215512e-06
881 1.52906933781338239e-06
882 1.52906937267438536e-06
883 1.52906945416475537e-06
884 1.5290694737046806e-06
885 1.52906955408482759e-06
886 1.5290694961311857e-06
887 1.52906958272858162e-06
888 1.52906955941389811e-06
889 1.52906959560716871e-06
890 1.52906961625731697e-06
891 1.5290696899761258e-06
892 1.52906972794575324e-06
893 1.52906971151445248e-06
894 1.52906973083233311e-06
895 1.52906982830991467e-06
896 1.52906978834188578e-06
897 1.52906992956225452e-06
898 1.52906989958623285e-06
899 1.52906988493128893e-06
900 1.52906995976032078e-06
901 1.52906999240087771e-06
902 1.52907006656377575e-06
903 1.52906999351110073e-06
904 1.52907013339920184e-06
905 1.52907016004455443e-06
906 1.52907014316916445e-06
907 1.52907016026659903e-06
908 1.52907013961645077e-06
909 1.52907022155090999e-06
910 1.52907023776016615e-06
911 1.52907031925053616e-06
912 1.52907030681603828e-06
913 1.52907036543581398e-06
914 1.52907040362748603e-06
915 1.52907042760830336e-06
916 1.52907045936068187e-06
917 1.52907048511785604e-06
918 1.52907040718019971e-06
919 1.52907048023287473e-06
920 1.52907045958272647e-06
921 1.52907047956674091e-06
922 1.52907055728235264e-06
923 1.52907064054907949e-06
924 1.52907060768647796e-06
925 1.52907068251550982e-06
926 1.5290706050219427e-06
927 1.52907073669439342e-06
928 1.52907076200747838e-06
929 1.52907073203145671e-06
930 1.52907081574227277e-06
931 1.52907079242758925e-06
932 1.52907082040520947e-06
933 1.52907083217357354e-06
934 1.5290709207693709e-06
935 1.52907083350584116e-06
936 1.52907095318788322e-06
937 1.5290709340920472e-06
938 1.52907094275178679e-06
939 1.52907098249777107e-06
940 1.52907099848498262e-06
941 1.52907101957922009e-06
942 1.52907110329003615e-06
943 1.52907106376609647e-06
944 1.52907109529643037e-06
945 1.52907117567657735e-06
946 1.52907112971334413e-06
947 1.52907114880918016e-06
948 1.52907118011746945e-06
949 1.52907115902323198e-06
950 1.52907122452639044e-06
951 1.52907123784906673e-06
952 1.52907132355828423e-06
953 1.52907128558865679e-06
954 1.52907131134583096e-06
955 1.52907132910939936e-06
956 1.52907134642887854e-06
957 1.52907136685698219e-06
958 1.52907144856939681e-06
959 1.52907142436653487e-06
960 1.52907138861735348e-06
961 1.52907151451664447e-06
962 1.52907147299430335e-06
963 1.5290715023041912e-06
964 1.52907151695913512e-06
965 1.5290715476012906e-06
966 1.52907156625303742e-06
967 1.52907152672909774e-06
968 1.5290716015581296e-06
969 1.52907168105009816e-06
970 1.52907163708526639e-06
971 1.52907167150218015e-06
972 1.52907167150218015e-06
973 1.52907169082006078e-06
974 1.52907167572102765e-06
975 1.52907173456284795e-06
976 1.52907176498295883e-06
977 1.52907183870176766e-06
978 1.52907174943983648e-06
979 1.52907188066819799e-06
980 1.52907177430883223e-06
981 1.52907191330875492e-06
982 1.52907188333273325e-06
983 1.529071890216116e-06
984 1.52907191086626426e-06
985 1.52907193107232331e-06
986 1.52907193573526001e-06
987 1.52907202188856672e-06
988 1.52907198280871626e-06
989 1.52907200501317675e-06
990 1.52907202877194948e-06
991 1.52907202410901277e-06
992 1.52907204986618694e-06
993 1.5290720793981194e-06
994 1.52907203587737683e-06
995 1.52907210493324897e-06
996 1.52907205963614956e-06
997 1.5290720838390115e-06
998 1.52907215711373112e-06
999 1.52907217754183478e-06
1000 1.5290721877558866e-06
