1 0.0223274009818523744
2 2.75241063820708121e-05
3 1.72338506154723348e-06
4 1.5379902493783959e-06
5 1.5300324645028951e-06
6 1.52930122165884086e-06
7 1.5291959414298617e-06
8 1.52917546669684157e-06
9 1.52917052442802515e-06
10 1.52916912243838965e-06
11 1.52916867146579705e-06
12 1.52916850981732466e-06
13 1.52916844919914752e-06
14 1.52916842544037479e-06
15 1.52916841500427836e-06
16 1.52916840945316324e-06
17 1.52916840678862798e-06
18 1.52916840612249416e-06
19 1.52916840656658337e-06
20 1.52916840590044956e-06
21 1.52916840590044956e-06
22 1.52916840745476179e-06
23 1.52916840612249416e-06
24 1.52916840612249416e-06
25 1.52916840523431574e-06
26 1.52916840545636035e-06
27 1.52916840701067258e-06
28 1.52916840745476179e-06
29 1.52916840656658337e-06
30 1.52916840701067258e-06
31 1.52916840701067258e-06
32 1.52916840656658337e-06
33 1.52916840656658337e-06
34 1.52916840745476179e-06
35 1.5291684076768064e-06
36 1.52916840834294021e-06
37 1.52916840612249416e-06
38 1.52916840612249416e-06
39 1.52916840545636035e-06
40 1.52916840590044956e-06
41 1.52916840678862798e-06
42 1.52916840523431574e-06
43 1.52916840701067258e-06
44 1.52916840612249416e-06
45 1.52916840479022653e-06
46 1.52916840634453877e-06
47 1.52916840878702942e-06
48 1.52916840656658337e-06
49 1.52916840590044956e-06
50 1.52916840279182509e-06
51 1.52916840412409272e-06
52 1.52916840368000351e-06
53 1.52916840701067258e-06
54 1.52916840590044956e-06
55 1.52916840612249416e-06
56 1.52916840612249416e-06
57 1.52916840878702942e-06
58 1.52916840634453877e-06
59 1.52916840545636035e-06
60 1.52916840567840495e-06
61 1.52916840701067258e-06
62 1.52916840900907403e-06
63 1.52916840390204811e-06
64 1.52916840723271719e-06
65 1.52916840168160206e-06
66 1.52916841034134166e-06
67 1.52916840612249416e-06
68 1.52916840145955746e-06
69 1.52916840923111863e-06
70 1.52916840301386969e-06
71 1.52916841011929705e-06
72 1.52916840523431574e-06
73 1.52916840612249416e-06
74 1.52916840523431574e-06
75 1.52916840212569127e-06
76 1.52916840678862798e-06
77 1.52916840190364667e-06
78 1.52916840678862798e-06
79 1.52916840834294021e-06
80 1.52916840590044956e-06
81 1.52916841122952007e-06
82 1.52916840301386969e-06
83 1.52916840678862798e-06
84 1.52916840723271719e-06
85 1.52916840545636035e-06
86 1.52916840745476179e-06
87 1.529168407898851e-06
88 1.52916840523431574e-06
89 1.52916841011929705e-06
90 1.52916840656658337e-06
91 1.52916840634453877e-06
92 1.52916840101546825e-06
93 1.52916840390204811e-06
94 1.52916840656658337e-06
95 1.52916840190364667e-06
96 1.52916840256978048e-06
97 1.5291684076768064e-06
98 1.52916840523431574e-06
99 1.52916840034933443e-06
100 1.52916840701067258e-06
101 1.52916840701067258e-06
102 1.52916840590044956e-06
103 1.52916841167360928e-06
104 1.52916841122952007e-06
105 1.52916840701067258e-06
106 1.52916840678862798e-06
107 1.52916840567840495e-06
108 1.52916841011929705e-06
109 1.52916841011929705e-06
110 1.52916841122952007e-06
111 1.52916840590044956e-06
112 1.5291683987950222e-06
113 1.52916841078543086e-06
114 1.52916841211769849e-06
115 1.52916840634453877e-06
116 1.52916840723271719e-06
117 1.52916840501227114e-06
118 1.52916841278383231e-06
119 1.52916840634453877e-06
120 1.52916841189565389e-06
121 1.52916839968320062e-06
122 1.52916841322792152e-06
123 1.52916841278383231e-06
124 1.52916839990524522e-06
125 1.52916840656658337e-06
126 1.52916840479022653e-06
127 1.52916840612249416e-06
128 1.52916840567840495e-06
129 1.52916840612249416e-06
130 1.52916840390204811e-06
131 1.52916840545636035e-06
132 1.52916840567840495e-06
133 1.52916840678862798e-06
134 1.52916840412409272e-06
135 1.52916840545636035e-06
136 1.52916841300587691e-06
137 1.52916840501227114e-06
138 1.52916839990524522e-06
139 1.52916840412409272e-06
140 1.52916840523431574e-06
141 1.52916841500427836e-06
142 1.52916840545636035e-06
143 1.52916840523431574e-06
144 1.52916840612249416e-06
145 1.52916840479022653e-06
146 1.52916840656658337e-06
147 1.52916841500427836e-06
148 1.52916841522632296e-06
149 1.52916839812888838e-06
150 1.52916840545636035e-06
151 1.52916840412409272e-06
152 1.52916840745476179e-06
153 1.52916840479022653e-06
154 1.52916841100747547e-06
155 1.52916840456818193e-06
156 1.52916840567840495e-06
157 1.52916840656658337e-06
158 1.52916840456818193e-06
159 1.5291683987950222e-06
160 1.52916840590044956e-06
161 1.52916841278383231e-06
162 1.52916839812888838e-06
163 1.52916841633654599e-06
164 1.529168407898851e-06
165 1.52916840456818193e-06
166 1.52916841611450138e-06
167 1.52916839635253154e-06
168 1.52916841411609994e-06
169 1.52916841633654599e-06
170 1.52916840523431574e-06
171 1.52916840612249416e-06
172 1.5291683990170668e-06
173 1.52916840612249416e-06
174 1.52916840590044956e-06
175 1.52916840545636035e-06
176 1.52916840590044956e-06
177 1.5291683943541301e-06
178 1.52916840701067258e-06
179 1.5291684170026798e-06
180 1.52916840567840495e-06
181 1.52916840656658337e-06
182 1.52916840479022653e-06
183 1.52916841567041217e-06
184 1.52916841522632296e-06
185 1.52916840368000351e-06
186 1.52916841522632296e-06
187 1.52916839768479917e-06
188 1.52916839368799629e-06
189 1.52916839724070996e-06
190 1.52916840501227114e-06
191 1.52916840523431574e-06
192 1.52916841611450138e-06
193 1.52916840678862798e-06
194 1.52916840745476179e-06
195 1.52916840545636035e-06
196 1.52916841589245678e-06
197 1.52916839479821931e-06
198 1.52916840701067258e-06
199 1.52916841633654599e-06
200 1.5291684167806352e-06
201 1.5291684167806352e-06
202 1.52916839635253154e-06
203 1.52916839590844233e-06
204 1.52916840590044956e-06
205 1.52916840745476179e-06
206 1.52916839346595168e-06
207 1.529168407898851e-06
208 1.52916840678862798e-06
209 1.52916840523431574e-06
210 1.52916840723271719e-06
211 1.52916840723271719e-06
212 1.52916840812089561e-06
213 1.52916840590044956e-06
214 1.52916840479022653e-06
215 1.52916840834294021e-06
216 1.52916839546435313e-06
217 1.52916841766881362e-06
218 1.52916840590044956e-06
219 1.52916840523431574e-06
220 1.52916839279981787e-06
221 1.52916840656658337e-06
222 1.52916840523431574e-06
223 1.52916841789085822e-06
224 1.52916841944517046e-06
225 1.52916840501227114e-06
226 1.52916839524230852e-06
227 1.5291684032359143e-06
228 1.52916839124550563e-06
229 1.52916842077743809e-06
230 1.52916839368799629e-06
231 1.52916839546435313e-06
232 1.52916839324390708e-06
233 1.5291683941320855e-06
234 1.52916840567840495e-06
235 1.52916839235572866e-06
236 1.52916840701067258e-06
237 1.52916841855699204e-06
238 1.52916840545636035e-06
239 1.52916840390204811e-06
240 1.52916839479821931e-06
241 1.52916840701067258e-06
242 1.5291684212215273e-06
243 1.52916840656658337e-06
244 1.52916840856498482e-06
245 1.52916840701067258e-06
246 1.52916840523431574e-06
247 1.52916841966721506e-06
248 1.52916841966721506e-06
249 1.52916842077743809e-06
250 1.52916839368799629e-06
251 1.52916840501227114e-06
252 1.52916840656658337e-06
253 1.5291684214435719e-06
254 1.52916840301386969e-06
255 1.52916840479022653e-06
256 1.52916840434613732e-06
257 1.52916840678862798e-06
258 1.5291684076768064e-06
259 1.52916838946914879e-06
260 1.52916840678862798e-06
261 1.52916839479821931e-06
262 1.52916841944517046e-06
263 1.52916842366401795e-06
264 1.52916839191163945e-06
265 1.52916840989725245e-06
266 1.52916840656658337e-06
267 1.52916840745476179e-06
268 1.52916842033334888e-06
269 1.52916842055539348e-06
270 1.52916839102346103e-06
271 1.52916842033334888e-06
272 1.52916840856498482e-06
273 1.52916840590044956e-06
274 1.52916840545636035e-06
275 1.52916842055539348e-06
276 1.52916840501227114e-06
277 1.52916842344197335e-06
278 1.5291684214435719e-06
279 1.52916841855699204e-06
280 1.52916842188766111e-06
281 1.52916840834294021e-06
282 1.52916838680461353e-06
283 1.52916840723271719e-06
284 1.52916840745476179e-06
285 1.52916839102346103e-06
286 1.52916840656658337e-06
287 1.52916839102346103e-06
288 1.52916839213368405e-06
289 1.52916840701067258e-06
290 1.52916842388606256e-06
291 1.52916840701067258e-06
292 1.52916842077743809e-06
293 1.52916839013528261e-06
294 1.52916839124550563e-06
295 1.52916840256978048e-06
296 1.52916840900907403e-06
297 1.5291683896911934e-06
298 1.52916840434613732e-06
299 1.52916840723271719e-06
300 1.52916840812089561e-06
301 1.5291683896911934e-06
302 1.52916842188766111e-06
303 1.52916842166561651e-06
304 1.52916839080141642e-06
305 1.52916840479022653e-06
306 1.52916840656658337e-06
307 1.52916838902505958e-06
308 1.52916839013528261e-06
309 1.52916840745476179e-06
310 1.52916842299788414e-06
311 1.52916838924710419e-06
312 1.52916842210970572e-06
313 1.52916840701067258e-06
314 1.52916840878702942e-06
315 1.52916840479022653e-06
316 1.52916838724870274e-06
317 1.52916840434613732e-06
318 1.52916842299788414e-06
319 1.52916841988925967e-06
320 1.52916840612249416e-06
321 1.52916842299788414e-06
322 1.52916838680461353e-06
323 1.52916840567840495e-06
324 1.52916840412409272e-06
325 1.52916840256978048e-06
326 1.52916838591643511e-06
327 1.52916842366401795e-06
328 1.52916842366401795e-06
329 1.52916842188766111e-06
330 1.52916842410810716e-06
331 1.52916842321992874e-06
332 1.52916838702665814e-06
333 1.52916840590044956e-06
334 1.5291684034579589e-06
335 1.52916842721673163e-06
336 1.52916840390204811e-06
337 1.52916840567840495e-06
338 1.52916838613847972e-06
339 1.52916840745476179e-06
340 1.52916840079342364e-06
341 1.52916840390204811e-06
342 1.52916842344197335e-06
343 1.52916839146755024e-06
344 1.52916842677264242e-06
345 1.52916840434613732e-06
346 1.52916840812089561e-06
347 1.52916840812089561e-06
348 1.52916840656658337e-06
349 1.5291684034579589e-06
350 1.52916840168160206e-06
351 1.52916838769279195e-06
352 1.52916842477424098e-06
353 1.52916840678862798e-06
354 1.52916840701067258e-06
355 1.52916842433015177e-06
356 1.5291684076768064e-06
357 1.52916840190364667e-06
358 1.52916840678862798e-06
359 1.5291684034579589e-06
360 1.52916842321992874e-06
361 1.52916838480621209e-06
362 1.52916842943717768e-06
363 1.52916838502825669e-06
364 1.52916840256978048e-06
365 1.52916838747074735e-06
366 1.52916840923111863e-06
367 1.52916842743877623e-06
368 1.52916840590044956e-06
369 1.52916842455219637e-06
370 1.52916838414007827e-06
371 1.52916840434613732e-06
372 1.5291684076768064e-06
373 1.52916842743877623e-06
374 1.52916843276784675e-06
375 1.52916842655059781e-06
376 1.52916840590044956e-06
377 1.52916842677264242e-06
378 1.52916842766082084e-06
379 1.52916840390204811e-06
380 1.52916842854899926e-06
381 1.52916838280781064e-06
382 1.52916840412409272e-06
383 1.52916840545636035e-06
384 1.52916838791483656e-06
385 1.52916840545636035e-06
386 1.52916841122952007e-06
387 1.52916838258576604e-06
388 1.52916840301386969e-06
389 1.52916840745476179e-06
390 1.52916840145955746e-06
391 1.52916841056338626e-06
392 1.52916838214167683e-06
393 1.52916842366401795e-06
394 1.52916842943717768e-06
395 1.52916840479022653e-06
396 1.52916843010331149e-06
397 1.52916840079342364e-06
398 1.52916838391803367e-06
399 1.52916838302985525e-06
400 1.52916840412409272e-06
401 1.52916839790684378e-06
402 1.52916840856498482e-06
403 1.52916840234773588e-06
404 1.52916840234773588e-06
405 1.52916841011929705e-06
406 1.5291684303253561e-06
407 1.52916841122952007e-06
408 1.52916842632855321e-06
409 1.52916838502825669e-06
410 1.52916838347394446e-06
411 1.52916838347394446e-06
412 1.52916843210171294e-06
413 1.52916842788286544e-06
414 1.52916838902505958e-06
415 1.5291684076768064e-06
416 1.52916840412409272e-06
417 1.52916840434613732e-06
418 1.52916842943717768e-06
419 1.52916838569439051e-06
420 1.52916840101546825e-06
421 1.52916843187966833e-06
422 1.52916842766082084e-06
423 1.52916840900907403e-06
424 1.52916838258576604e-06
425 1.52916840101546825e-06
426 1.52916840212569127e-06
427 1.52916843010331149e-06
428 1.52916838391803367e-06
429 1.52916838414007827e-06
430 1.52916840856498482e-06
431 1.52916838458416748e-06
432 1.52916843232375754e-06
433 1.52916840212569127e-06
434 1.5291683805873646e-06
435 1.52916838236372143e-06
436 1.52916840678862798e-06
437 1.52916837836691855e-06
438 1.5291684032359143e-06
439 1.52916843321193596e-06
440 1.52916843143557912e-06
441 1.52916840678862798e-06
442 1.52916840012728983e-06
443 1.5291684123397431e-06
444 1.52916843210171294e-06
445 1.52916843432215899e-06
446 1.52916840834294021e-06
447 1.52916840168160206e-06
448 1.52916840723271719e-06
449 1.52916840545636035e-06
450 1.52916839946115601e-06
451 1.52916838214167683e-06
452 1.52916840101546825e-06
453 1.52916843432215899e-06
454 1.52916842965922228e-06
455 1.52916840034933443e-06
456 1.52916843099148991e-06
457 1.52916840212569127e-06
458 1.52916838191963222e-06
459 1.52916843432215899e-06
460 1.52916843743078346e-06
461 1.52916840523431574e-06
462 1.52916840523431574e-06
463 1.52916840634453877e-06
464 1.52916840234773588e-06
465 1.52916840545636035e-06
466 1.52916843232375754e-06
467 1.52916838147554301e-06
468 1.52916840256978048e-06
469 1.52916840967520784e-06
470 1.52916840279182509e-06
471 1.52916838325189985e-06
472 1.52916837903305236e-06
473 1.5291684305474007e-06
474 1.52916837858896315e-06
475 1.52916838036531999e-06
476 1.52916840123751285e-06
477 1.52916837592442789e-06
478 1.5291684034579589e-06
479 1.52916840656658337e-06
480 1.52916843099148991e-06
481 1.52916837481420487e-06
482 1.52916840279182509e-06
483 1.52916843143557912e-06
484 1.52916840678862798e-06
485 1.52916840168160206e-06
486 1.52916840256978048e-06
487 1.52916840701067258e-06
488 1.52916837881100776e-06
489 1.52916840567840495e-06
490 1.52916843076944531e-06
491 1.52916841056338626e-06
492 1.52916837503624947e-06
493 1.52916840656658337e-06
494 1.52916841056338626e-06
495 1.52916843010331149e-06
496 1.52916838347394446e-06
497 1.52916840434613732e-06
498 1.52916840878702942e-06
499 1.52916840656658337e-06
500 1.52916840390204811e-06
501 1.52916838014327539e-06
502 1.52916843343398057e-06
503 1.52916840834294021e-06
504 1.52916843187966833e-06
505 1.52916840590044956e-06
506 1.52916841322792152e-06
507 1.52916841078543086e-06
508 1.52916843454420359e-06
509 1.5291683808094092e-06
510 1.52916840256978048e-06
511 1.52916837503624947e-06
512 1.52916840456818193e-06
513 1.52916843876305109e-06
514 1.52916840168160206e-06
515 1.52916843898509569e-06
516 1.52916837725669552e-06
517 1.52916840923111863e-06
518 1.52916840456818193e-06
519 1.5291684347662482e-06
520 1.52916843165762373e-06
521 1.52916841300587691e-06
522 1.52916843521033741e-06
523 1.52916840567840495e-06
524 1.52916840856498482e-06
525 1.5291684034579589e-06
526 1.5291683761464725e-06
527 1.52916843876305109e-06
528 1.52916843743078346e-06
529 1.52916843365602517e-06
530 1.52916837925509697e-06
531 1.52916840434613732e-06
532 1.52916840856498482e-06
533 1.52916837969918618e-06
534 1.52916843676464964e-06
535 1.52916837525829408e-06
536 1.52916837259375882e-06
537 1.52916844009531872e-06
538 1.52916837348193724e-06
539 1.52916841344996612e-06
540 1.52916843987327411e-06
541 1.52916840234773588e-06
542 1.52916837214966961e-06
543 1.52916837437011566e-06
544 1.52916837459216026e-06
545 1.52916837059535737e-06
546 1.52916840079342364e-06
547 1.52916843743078346e-06
548 1.52916840145955746e-06
549 1.529168407898851e-06
550 1.52916836770877751e-06
551 1.52916844098349713e-06
552 1.52916844053940792e-06
553 1.52916843809691727e-06
554 1.52916840834294021e-06
555 1.52916843676464964e-06
556 1.52916840634453877e-06
557 1.52916837570238329e-06
558 1.52916840834294021e-06
559 1.52916839679662075e-06
560 1.529168371927625e-06
561 1.52916840567840495e-06
562 1.52916837414807105e-06
563 1.52916844453621081e-06
564 1.52916840523431574e-06
565 1.52916843787487267e-06
566 1.52916840456818193e-06
567 1.52916840279182509e-06
568 1.52916837836691855e-06
569 1.5291683805873646e-06
570 1.52916844031736332e-06
571 1.52916837148353579e-06
572 1.5291683717055804e-06
573 1.52916837503624947e-06
574 1.52916840989725245e-06
575 1.5291684349882928e-06
576 1.52916840567840495e-06
577 1.52916844164963095e-06
578 1.52916840834294021e-06
579 1.52916837148353579e-06
580 1.52916840434613732e-06
581 1.52916840101546825e-06
582 1.52916840057137904e-06
583 1.52916844298189858e-06
584 1.52916837237171421e-06
585 1.52916840279182509e-06
586 1.52916840656658337e-06
587 1.52916840168160206e-06
588 1.52916840057137904e-06
589 1.52916843698669425e-06
590 1.52916843676464964e-06
591 1.52916836793082211e-06
592 1.52916837503624947e-06
593 1.52916837148353579e-06
594 1.52916844053940792e-06
595 1.52916840412409272e-06
596 1.5291684032359143e-06
597 1.52916842321992874e-06
598 1.52916837325989263e-06
599 1.52916843765282806e-06
600 1.5291684392071403e-06
601 1.52916840634453877e-06
602 1.52916840701067258e-06
603 1.52916840190364667e-06
604 1.52916837103944658e-06
605 1.52916836682059909e-06
606 1.52916841211769849e-06
607 1.529168371927625e-06
608 1.52916844031736332e-06
609 1.52916840456818193e-06
610 1.52916840101546825e-06
611 1.52916839657457615e-06
612 1.52916840168160206e-06
613 1.52916840701067258e-06
614 1.52916843898509569e-06
615 1.52916837303784803e-06
616 1.52916840079342364e-06
617 1.52916843898509569e-06
618 1.52916837103944658e-06
619 1.52916840656658337e-06
620 1.52916837348193724e-06
621 1.52916841344996612e-06
622 1.52916840434613732e-06
623 1.52916841522632296e-06
624 1.52916836992922356e-06
625 1.52916840590044956e-06
626 1.52916841300587691e-06
627 1.52916844231576476e-06
628 1.52916837836691855e-06
629 1.52916837259375882e-06
630 1.52916839990524522e-06
631 1.52916837259375882e-06
632 1.52916840612249416e-06
633 1.52916844609052305e-06
634 1.52916843632056043e-06
635 1.52916840168160206e-06
636 1.52916837570238329e-06
637 1.52916837503624947e-06
638 1.52916837103944658e-06
639 1.52916844098349713e-06
640 1.52916840612249416e-06
641 1.52916841078543086e-06
642 1.52916836371197462e-06
643 1.52916841078543086e-06
644 1.52916844231576476e-06
645 1.52916840856498482e-06
646 1.5291683672646883e-06
647 1.52916843809691727e-06
648 1.52916840567840495e-06
649 1.52916836704264369e-06
650 1.52916839835093299e-06
651 1.52916844475825542e-06
652 1.52916843765282806e-06
653 1.52916844520234463e-06
654 1.52916836992922356e-06
655 1.52916844231576476e-06
656 1.52916840168160206e-06
657 1.52916844764483528e-06
658 1.52916836815286672e-06
659 1.52916837037331277e-06
660 1.52916840745476179e-06
661 1.52916840567840495e-06
662 1.52916840989725245e-06
663 1.52916839790684378e-06
664 1.52916840234773588e-06
665 1.52916840834294021e-06
666 1.52916840434613732e-06
667 1.52916836970717895e-06
668 1.52916840523431574e-06
669 1.52916843698669425e-06
670 1.52916841122952007e-06
671 1.52916836682059909e-06
672 1.52916840479022653e-06
673 1.52916840234773588e-06
674 1.52916840590044956e-06
675 1.52916836571037607e-06
676 1.52916844431416621e-06
677 1.52916840057137904e-06
678 1.52916837503624947e-06
679 1.5291683990170668e-06
680 1.52916844031736332e-06
681 1.52916843898509569e-06
682 1.52916844720074607e-06
683 1.52916836904104514e-06
684 1.52916841167360928e-06
685 1.52916844720074607e-06
686 1.52916844764483528e-06
687 1.5291684440921216e-06
688 1.52916841011929705e-06
689 1.52916837392602645e-06
690 1.52916836815286672e-06
691 1.5291683941320855e-06
692 1.52916840701067258e-06
693 1.52916836970717895e-06
694 1.52916840900907403e-06
695 1.52916839857297759e-06
696 1.52916836526628686e-06
697 1.52916836859695593e-06
698 1.529168407898851e-06
699 1.52916841145156468e-06
700 1.5291684034579589e-06
701 1.52916836571037607e-06
702 1.52916845164163817e-06
703 1.52916844187167555e-06
704 1.5291683672646883e-06
705 1.52916840434613732e-06
706 1.52916844209372016e-06
707 1.52916841056338626e-06
708 1.52916844431416621e-06
709 1.5291683672646883e-06
710 1.52916840923111863e-06
711 1.52916839812888838e-06
712 1.52916837103944658e-06
713 1.52916840678862798e-06
714 1.52916840034933443e-06
715 1.52916836793082211e-06
716 1.52916835949312713e-06
717 1.52916836038130555e-06
718 1.52916844298189858e-06
719 1.52916836038130555e-06
720 1.52916840701067258e-06
721 1.52916844986528133e-06
722 1.529168407898851e-06
723 1.52916840057137904e-06
724 1.52916840101546825e-06
725 1.52916840390204811e-06
726 1.52916840190364667e-06
727 1.52916840812089561e-06
728 1.52916844498030002e-06
729 1.52916844542438923e-06
730 1.52916840634453877e-06
731 1.52916844964323673e-06
732 1.52916840101546825e-06
733 1.52916839857297759e-06
734 1.52916836948513435e-06
735 1.52916844808892449e-06
736 1.52916835705063647e-06
737 1.52916836326788541e-06
738 1.52916836371197462e-06
739 1.52916840723271719e-06
740 1.5291684529739058e-06
741 1.52916844275985397e-06
742 1.52916844142758634e-06
743 1.52916836038130555e-06
744 1.5291684123397431e-06
745 1.52916841056338626e-06
746 1.52916836371197462e-06
747 1.52916840501227114e-06
748 1.52916841322792152e-06
749 1.52916836237970699e-06
750 1.52916841056338626e-06
751 1.52916836526628686e-06
752 1.52916840567840495e-06
753 1.52916840212569127e-06
754 1.5291683583829041e-06
755 1.52916840456818193e-06
756 1.52916836171357318e-06
757 1.52916840190364667e-06
758 1.52916841145156468e-06
759 1.52916841278383231e-06
760 1.52916840834294021e-06
761 1.52916840834294021e-06
762 1.52916844609052305e-06
763 1.52916835904903792e-06
764 1.52916845119754896e-06
765 1.5291683987950222e-06
766 1.52916840989725245e-06
767 1.52916840656658337e-06
768 1.52916844498030002e-06
769 1.5291683583829041e-06
770 1.52916840301386969e-06
771 1.52916839857297759e-06
772 1.52916841300587691e-06
773 1.52916840723271719e-06
774 1.52916844675665686e-06
775 1.52916844964323673e-06
776 1.52916845053141515e-06
777 1.52916835549632424e-06
778 1.52916836215766239e-06
779 1.52916841456018915e-06
780 1.52916839923911141e-06
781 1.52916840989725245e-06
782 1.52916841766881362e-06
783 1.52916840079342364e-06
784 1.52916845452821804e-06
785 1.5291684125617877e-06
786 1.52916840967520784e-06
787 1.52916844675665686e-06
788 1.52916841367201073e-06
789 1.52916840279182509e-06
790 1.52916841456018915e-06
791 1.52916840212569127e-06
792 1.52916840368000351e-06
793 1.52916844675665686e-06
794 1.52916835771677029e-06
795 1.52916836393401923e-06
796 1.52916840701067258e-06
797 1.52916845364003962e-06
798 1.52916844808892449e-06
799 1.52916841100747547e-06
800 1.52916835971517173e-06
801 1.52916845430617343e-06
802 1.52916840168160206e-06
803 1.5291683628237962e-06
804 1.52916841411609994e-06
805 1.52916840145955746e-06
806 1.5291683987950222e-06
807 1.52916845030937054e-06
808 1.52916839968320062e-06
809 1.52916836149152857e-06
810 1.52916836304584081e-06
811 1.52916841367201073e-06
812 1.52916841122952007e-06
813 1.52916841056338626e-06
814 1.52916840945316324e-06
815 1.52916844742279068e-06
816 1.52916835660654726e-06
817 1.52916836060335015e-06
818 1.5291684529739058e-06
819 1.52916839923911141e-06
820 1.52916840234773588e-06
821 1.52916841189565389e-06
822 1.52916846074546697e-06
823 1.52916841034134166e-06
824 1.5291684170026798e-06
825 1.52916840456818193e-06
826 1.52916840479022653e-06
827 1.52916840612249416e-06
828 1.52916845519435185e-06
829 1.52916835283178898e-06
830 1.52916840479022653e-06
831 1.52916840168160206e-06
832 1.52916836171357318e-06
833 1.52916845586048566e-06
834 1.52916844786687989e-06
835 1.52916840701067258e-06
836 1.52916840101546825e-06
837 1.52916840479022653e-06
838 1.52916844942119212e-06
839 1.52916835971517173e-06
840 1.52916845364003962e-06
841 1.52916835682859187e-06
842 1.52916841211769849e-06
843 1.52916845230777199e-06
844 1.5291683581608595e-06
845 1.52916845430617343e-06
846 1.52916835172156595e-06
847 1.52916835705063647e-06
848 1.52916845541639645e-06
849 1.52916841322792152e-06
850 1.52916839990524522e-06
851 1.52916840479022653e-06
852 1.52916841278383231e-06
853 1.52916840390204811e-06
854 1.52916835638450266e-06
855 1.52916840567840495e-06
856 1.52916840234773588e-06
857 1.52916835127747675e-06
858 1.52916845252981659e-06
859 1.52916840212569127e-06
860 1.52916835749472568e-06
861 1.52916840234773588e-06
862 1.52916845475026264e-06
863 1.52916835149952135e-06
864 1.52916841855699204e-06
865 1.52916841278383231e-06
866 1.52916835549632424e-06
867 1.5291683626017516e-06
868 1.5291683941320855e-06
869 1.52916839479821931e-06
870 1.52916840878702942e-06
871 1.52916846030137776e-06
872 1.52916841655859059e-06
873 1.52916840057137904e-06
874 1.52916840945316324e-06
875 1.52916835483019042e-06
876 1.52916845430617343e-06
877 1.52916841100747547e-06
878 1.52916836304584081e-06
879 1.52916841522632296e-06
880 1.52916841589245678e-06
881 1.52916836149152857e-06
882 1.52916836126948397e-06
883 1.52916840923111863e-06
884 1.52916840012728983e-06
885 1.52916844675665686e-06
886 1.52916835993721634e-06
887 1.5291684123397431e-06
888 1.52916835971517173e-06
889 1.52916836482219765e-06
890 1.52916835305383358e-06
891 1.52916840012728983e-06
892 1.52916840834294021e-06
893 1.52916835927108252e-06
894 1.52916835172156595e-06
895 1.5291684167806352e-06
896 1.52916834617045083e-06
897 1.52916845963524395e-06
898 1.52916840301386969e-06
899 1.52916835749472568e-06
900 1.52916839790684378e-06
901 1.52916840234773588e-06
902 1.52916844942119212e-06
903 1.52916835172156595e-06
904 1.5291684576368425e-06
905 1.52916845896911013e-06
906 1.52916841145156468e-06
907 1.52916840479022653e-06
908 1.52916835527427963e-06
909 1.5291684125617877e-06
910 1.52916840234773588e-06
911 1.5291684529739058e-06
912 1.52916841278383231e-06
913 1.52916844875505831e-06
914 1.52916845830297632e-06
915 1.52916845319595041e-06
916 1.52916845852502092e-06
917 1.52916846074546697e-06
918 1.52916835416405661e-06
919 1.52916840234773588e-06
920 1.52916835793881489e-06
921 1.52916834794680767e-06
922 1.5291684034579589e-06
923 1.52916845852502092e-06
924 1.52916839946115601e-06
925 1.52916845386208422e-06
926 1.52916835305383358e-06
927 1.52916845674866408e-06
928 1.52916845497230725e-06
929 1.5291684032359143e-06
930 1.52916846363204684e-06
931 1.52916841034134166e-06
932 1.52916841655859059e-06
933 1.52916840123751285e-06
934 1.52916846496431447e-06
935 1.52916835505223503e-06
936 1.52916845830297632e-06
937 1.52916841100747547e-06
938 1.52916839724070996e-06
939 1.52916841278383231e-06
940 1.52916840612249416e-06
941 1.52916840212569127e-06
942 1.52916846274386842e-06
943 1.52916839812888838e-06
944 1.52916840678862798e-06
945 1.52916846696271591e-06
946 1.52916840168160206e-06
947 1.52916839746275457e-06
948 1.52916840567840495e-06
949 1.52916836237970699e-06
950 1.52916840368000351e-06
951 1.52916840057137904e-06
952 1.52916845941319934e-06
953 1.52916840012728983e-06
954 1.52916840545636035e-06
955 1.52916840301386969e-06
956 1.52916839724070996e-06
957 1.52916839546435313e-06
958 1.52916845430617343e-06
959 1.52916841167360928e-06
960 1.52916835549632424e-06
961 1.52916845652661948e-06
962 1.52916840012728983e-06
963 1.52916840656658337e-06
964 1.52916840101546825e-06
965 1.52916841078543086e-06
966 1.52916841211769849e-06
967 1.52916834994520912e-06
968 1.52916840168160206e-06
969 1.52916846052342237e-06
970 1.52916840012728983e-06
971 1.52916841633654599e-06
972 1.5291683943541301e-06
973 1.52916839479821931e-06
974 1.5291683583829041e-06
975 1.52916840145955746e-06
976 1.52916840701067258e-06
977 1.52916846096751158e-06
978 1.52916835660654726e-06
979 1.52916846762884973e-06
980 1.52916834239569255e-06
981 1.52916846474226986e-06
982 1.52916841411609994e-06
983 1.52916840545636035e-06
984 1.52916840656658337e-06
985 1.52916840900907403e-06
986 1.52916839746275457e-06
987 1.52916846518635907e-06
988 1.5291684076768064e-06
989 1.52916840634453877e-06
990 1.52916841189565389e-06
991 1.52916839524230852e-06
992 1.52916839724070996e-06
993 1.52916841167360928e-06
994 1.52916834839089688e-06
995 1.52916840434613732e-06
996 1.52916833995320189e-06
997 1.52916834239569255e-06
998 1.52916840190364667e-06
999 1.52916840856498482e-06
1000 1.52916839635253154e-06
